function M = Mchirp(r56,h)
% energy chirp and r56 element

M = [
1 0 0 0 0 0;
0 1 0 0 0 0;
0 0 1 0 0 0;
0 0 0 1 0 0;
0 0 0 0 1 r56;
0 0 0 0 h 1];

end